0000002	Indian Delights	253 250 150 174 083 059 036 117 243 076 205 051 162
0000020	Raja Indian Restaurant	250 191 192 174 197 036 117 075 205 051 164
0000036	Touch of India	253 250 191 192 174 117 075 205 052 163
0000090	Sitar	250 136 174 040 117 076 206 052 164
0000117	Capo's Cafe	250 174 063 005 121 075 205 053 164
0000127	Calcutta	253 250 174 197 083 117 074 205 052 163
0000137	Himalaya's	253 250 136 174 197 036 117 075 205 052 163
0000182	Khan's	100 253 250 136 191 192 174 063 036 117 076 204 052 164
0000196	Heera of India	253 250 191 192 174 059 036 117 075 205 053 163
0000210	Dawat Indian Cafe	100 011 253 250 150 174 036 117 076 205 051 163
0000214	Haveli	253 193 191 192 174 111 059 036 117 076 205 053 164
0000019	TANDOOR HOUSE	250 250 149 117 075 205 052 164
0000064	TASTE OF INDIA	253 250 250 191 117 075 205 052 164
0000117	DYNASTY	086 192 191 039 075 204 052 163
0000179	Barbeques International	117 075 205 051 163
0000210	India Pavilion	231 250 150 250 191 059 001 117 076 205 052 164
0000300	SHALIMAR OF INDIA	253 231 250 117 075 205 052 164
0000302	Bombay Bistro	117 078 208 056 170
0000374	KEBAB-N-KURRY	231 250 250 059 117 075 204 051 164
0000394	Oh Calcutta	250 250 117 075 205 052 164
0000000	Moti Mahal	214 035 149 021 117 075 204 051 163
0000055	Kanval Palace	214 021 117 075 205 052 164
0000101	Raj Darbar	214 174 117 075 205 052 164
0000117	Lou Malnati's Pizzeria	026 249 174 004 132 100 086 182 075 204 052 163
0000124	Shree	137 035 117 078 208 056 170
0000154	Natraj	214 035 117 078 208 056 170
0000159	Klay Oven	026 024 117 076 205 053 166
0000237	Gandhi Indian	214 021 117 075 204 051 164
0000338	Viceroy of India	214 249 174 117 075 205 052 164
0000475	Bukhara	026 174 021 001 117 075 204 053 165
0000570	Gaylord India	026 196 021 117 075 205 052 164
0000622	Genghis Khan	137 174 117 075 204 052 163
0000633	Udupi Palace	214 249 035 117 075 205 052 163
0000664	Standard India	214 035 021 117 074 204 051 163
0000043	Gaylord	252 249 248 251 192 229 117 075 205 053 166
0000117	TALESAI	252 235 076 205 053 166
0000157	Nawab of India	249 117 075 205 052 164
0000300	Nizam Indian Cuisine	249 136 229 117 078 208 056 170
0000329	Clay Pit	249 248 251 117 076 206 053 164
0000338	Bombay Palace	001 117 075 205 053 165
0000415	East India Grill	252 249 248 251 155 025 031 117 075 204 052 164
0000439	Bombay Cafe	252 249 149 001 117 076 205 052 164
0000117	LA PROVENCE	253 099 157 158 200 245 192 063 146 093 077 206 054 167
0000205	TANDOOR	157 158 242 117 075 204 052 164
0000259	TAJ MAHAL	117 078 208 056 170
0000001	Indian Cafe	117 075 205 052 164
0000013	Indian Oven	229 117 074 204 052 165
0000117	Stingy Lulu's	184 197 004 132 008 042 061 078 208 056 170
0000159	Akbar	229 117 075 205 053 166
0000188	Nirvana	198 196 193 191 192 197 004 132 117 078 208 056 170
0000202	DAWAT	099 250 198 193 059 231 117 076 205 053 167
0000325	Nawab	193 117 075 205 053 166
0000425	Jewel of India	193 190 059 231 117 076 205 054 167
0000468	Maurya	250 193 025 117 075 205 052 165
0000472	Darbar	250 198 193 059 231 117 076 205 053 167
0000507	Windows on India	242 117 078 208 056 170
0000626	India Pavilion	117 075 204 052 165
0000640	Mughlai	193 063 059 231 117 074 204 052 166
0000702	MITALI EAST                           	197 059 231 117 075 205 052 165
0000869	Bukhara	026 242 117 078 208 056 170
0000898	Passage To India	004 132 059 231 117 075 205 052 164
0000915	Bombay Palace	059 231 117 075 205 052 166
0000929	Rose of India	117 075 205 052 164
0000969	Pandit	117 075 205 051 164
0000978	Haveli	004 132 059 231 117 075 205 053 165
0001079	Gandhi	197 242 004 132 117 075 205 052 164
0001117	44 Southwest	253 111 008 125 075 204 052 165
0001170	Tibetan Restaurant	197 248 236 075 205 052 164
0001171	Pen & Pencil Restaurant	250 008 225 075 205 053 168
0001172	Papa Bear	186 075 204 051 163
0001173	Vong & Kwong                          	004 132 039 076 205 054 168
0001174	Cafe Botanica	198 196 190 004 132 040 153 097 083 224 156 005 091 076 206 055 168
0001175	Chelsea Trattoria	125 075 205 053 167
0001176	Mezzaluna	086 063 004 132 125 075 204 052 167
0001177	Billy's	250 194 193 191 192 059 231 008 104 225 075 205 052 167
0001178	Emily's	250 136 242 057 071 007 220 217 076 205 053 164
0001179	Florent	004 132 092 075 204 052 166
0000004	Indian Oven	253 250 036 117 075 204 052 165
0000053	Gaylord Indian Restaurant	231 250 193 191 192 063 036 021 117 075 205 053 166
0000056	India House	174 117 075 205 053 165
0000117	Miss Pearl's Jam House	102 191 192 174 063 197 114 040 071 057 215 034 075 204 053 165
0000205	Appam	117 078 208 056 170
0000221	North India Restaurant	253 250 193 191 192 174 114 059 036 117 076 205 053 166
0000265	Maharani	253 250 200 193 191 192 071 036 021 117 243 078 205 053 170
0000283	Mela	231 250 197 097 117 078 205 053 170
0000029	Haandi	253 250 252 149 174 117 076 206 053 165
0000089	Delhi Dhaba	254 253 250 252 149 193 174 224 117 075 204 051 163
0000117	Geranio	250 245 191 192 248 125 212 076 205 053 166
0000270	Aditi	250 252 248 117 076 205 053 164
0000276	Connaught Place	253 250 136 252 174 021 224 025 117 076 206 054 164
0000300	Bombay Palace	253 250 193 191 192 174 036 224 117 076 205 054 165
0000301	Bombay Bistro	254 250 149 174 021 224 117 076 205 052 164
0000322	Aangan	253 250 252 224 117 078 208 056 170
0000323	BOMBAY CLUB	253 099 250 200 196 193 190 189 174 063 057 071 036 024 224 117 076 206 054 167
