0000021	PRICCI	080 253 250 245 189 102 174 114 024 215 121 076 206 054 166
0000024	Azio	253 086 231 250 102 063 114 248 215 121 182 075 205 053 164
0000026	ABRUZZI RISTORANTE	253 099 200 245 196 189 191 192 174 146 097 036 024 123 076 206 053 167
0000029	Lombardi's	253 231 250 174 024 121 075 205 053 164
0000056	San Gennaro	253 250 191 192 174 063 036 124 075 205 053 164
0000061	Ray's New York Pizza	253 250 191 192 174 063 036 121 075 204 051 162
0000067	Gene and Gabe's Lodge	191 192 063 248 121 075 205 053 165
0000080	Avanzare	026 100 099 231 250 174 040 024 123 075 205 054 165
0000082	Nino's	253 231 200 191 192 174 036 121 075 205 052 165
0000089	Raffaello	253 250 200 245 174 146 024 229 123 075 206 053 167
0000091	Avanti's	100 253 191 192 174 071 057 123 074 205 052 165
0000100	Chow	231 250 102 063 114 083 036 215 005 123 075 205 053 164
0000117	Capo's Cafe	250 174 063 005 121 075 205 053 164
0000118	Fellini's Pasta	250 178 174 071 036 121 075 204 052 163
0000120	Lindy's	253 231 250 174 063 059 123 075 205 054 164
0000121	KAMOGAWA	099 250 196 193 191 192 174 040 024 001 128 076 206 054 167
0000122	Beesley's of Buckhead	080 253 231 059 215 005 075 205 053 164
0000123	Cafe Chanterelle	253 231 250 191 192 174 045 094 123 122 075 205 053 164
0000124	Sushi Huku	250 136 191 192 174 036 128 076 205 053 165
0000125	The Patio by the River	231 198 200 196 191 192 174 063 146 248 071 059 036 008 091 075 205 053 166
0000126	Toni's Casa Napoli	253 231 250 245 191 192 174 063 036 121 075 205 053 165
0000129	Oscario's	200 191 192 174 124 075 205 052 165
0000133	Cafe Prego	253 231 200 174 063 121 075 205 053 165
0000142	Bugatti	250 191 192 174 040 123 075 205 053 166
0000144	Paisano's	100 253 086 250 191 192 174 063 111 059 036 121 075 205 052 163
0000146	Bambinelli's	100 253 231 191 192 174 063 071 036 123 075 204 052 163
0000149	Athens Pizza	100 086 250 036 103 121 075 204 051 162
0000151	Alfredo's Italian Restaurant	231 250 198 191 192 174 036 121 075 205 052 165
0000165	Fichi	100 253 231 250 174 111 036 045 121 075 205 052 165
0000166	LA GROTTA	080 253 099 231 200 196 174 063 146 059 024 229 229 123 077 206 054 167
0000167	Everybody's Pizza	100 253 086 250 174 063 059 036 215 121 182 075 204 052 163
0000168	Scalini's	100 253 250 190 066 191 192 174 063 001 123 074 204 052 163
0000174	Rocky's Brick Oven Pizza	100 253 086 250 063 059 036 121 182 076 205 052 163
0000177	Camille's	250 063 197 124 182 075 205 052 164
0000181	Provino's	100 253 231 191 192 123 075 205 052 163
0000201	De Palma's	253 231 250 191 192 174 063 197 071 123 075 204 052 163
0000215	Altobeli's Fine Italian Cuisine	100 253 231 250 191 192 174 248 071 036 121 075 205 053 164
0000219	Capri Ristorante	253 231 136 245 174 123 075 205 052 165
0000220	Villa D'este	011 253 200 191 192 174 248 123 076 205 053 166
0000223	Asti Trattoria	253 231 250 191 192 174 063 248 071 036 121 075 205 053 166
0000224	Trattoria La Strada	100 253 250 121 076 206 053 164
0000247	Broadway Danny's	100 253 086 250 063 036 121 182 076 205 051 163
0000258	Oscar's Villa Capri	253 250 198 245 191 192 174 036 024 124 076 205 053 166
0000000	CAFFE LUNA	253 231 250 250 123 075 205 053 164
0000013	DAILY CATCH	231 150 149 197 046 123 124 212 076 205 052 164
0000024	IL CAPRICCIO	253 250 150 123 076 206 053 167
0000027	BELLA NAPOLI	250 123 124 075 205 052 165
0000032	CIRO'S	253 250 198 245 123 075 205 052 165
0000036	Vin & Eddie's	011 253 250 198 250 192 191 071 215 123 076 205 053 166
0000040	DAVIO'S	253 231 250 028 250 200 192 191 174 114 040 097 084 087 059 215 126 076 205 053 166
0000045	Schifino	123 124 075 205 053 166
0000051	DOM'S	231 250 200 192 191 097 059 123 075 205 052 166
0000052	Paolo Ristorante	005 123 124 078 208 056 170
0000063	LA TRATTORIA	253 231 250 250 062 132 123 124 075 205 052 165
0000067	CAFFE VITTORIA	100 253 231 250 250 132 083 084 087 215 046 123 124 075 205 053 163
0000078	The Charles Restaurant	253 231 250 198 200 245 174 146 045 123 124 075 205 052 166
0000079	Marino's	242 123 124 078 208 056 170
0000082	BEL CANTO	100 253 086 231 250 250 149 192 191 028 063 123 124 182 075 204 052 163
0000088	Figs	123 124 078 208 056 170
0000091	SABLONE'S VEAL 'N VINTAGE	253 123 124 076 205 052 165
0000092	Rita's Place	253 192 191 197 124 076 205 051 166
0000104	La Famiglia Ristorante	123 124 078 208 056 170
0000107	Il Panino	123 124 078 208 056 170
0000113	Rosalie's	253 250 200 245 192 191 114 123 075 205 053 166
0000115	Caffe Lampara	253 231 250 250 149 192 191 242 123 124 078 208 056 170
0000118	Carlo Marino's Ristorante	253 250 123 076 206 053 165
0000120	Marcella's	005 123 124 078 208 056 170
0000121	Grape Vine	253 231 250 245 028 063 084 087 123 124 076 206 053 165
0000122	Buoniconti's	253 250 192 191 242 059 123 124 126 076 205 053 165
0000123	Brodie's Cafe	253 231 250 250 104 075 204 051 163
0000124	Blacksmith House Outdoor Cafe	113 150 250 149 102 010 028 063 248 083 156 008 042 075 204 052 163
0000125	Cafe Brazil	253 111 248 020 075 205 052 164
0000126	Villa Francesca	100 250 198 200 149 192 191 123 124 075 205 053 165
0000131	Five North Square	253 250 250 123 124 075 205 053 165
0000137	STELLINA'S	253 231 250 192 191 028 063 123 124 126 076 205 052 165
0000138	Donatello's	253 231 250 250 192 191 248 123 076 206 054 166
0000142	LA GROCERIA RISTORANTE ITALIANO	253 250 250 149 083 084 087 059 036 123 075 205 053 165
0000145	SPINNAKER ITALIA	253 250 198 245 191 040 108 123 124 075 205 054 165
0000149	EUROPEAN RESTAURANT	100 253 086 231 250 198 250 192 191 132 123 124 182 074 204 051 163
0000155	Vinny Marino's	100 253 250 250 192 191 071 059 017 123 124 143 075 205 052 164
0000159	Mateo's	231 250 250 123 124 075 205 052 164
0000160	Caffe Bella	123 078 208 056 170
0000166	Cafe Marliave	010 028 063 024 229 124 075 205 052 164
0000167	PONTE VECCHIO	253 123 076 206 054 167
0000170	FELICIA'S	253 250 200 192 191 123 124 075 205 052 165
0000171	DAVIDE	253 250 200 245 062 132 192 191 174 146 097 123 076 206 053 167
0000172	CAFE PARADISO	100 086 250 198 250 102 084 087 042 123 124 075 204 052 163
0000175	UPSTAIRS AT THE PUDDING	080 253 099 250 192 191 010 111 097 248 045 123 126 076 206 053 168
0000176	Spasso Restaurant & Bar	126 078 208 056 170
0000183	Anchovies	253 250 149 242 132 124 078 208 056 170
0000186	Botolph's on Tremont	253 250 149 242 132 114 215 123 124 075 205 053 165
0000205	SAPORITO	253 250 025 123 124 077 206 053 167
0000207	Emilio's	245 123 124 075 205 051 165
0000212	Domenico's	253 231 250 191 132 123 076 205 053 164
0000215	GIACOMO'S	231 250 136 149 123 124 212 076 206 053 165
0000217	FLORENCE'S RESTAURANT	253 250 198 250 229 123 124 076 205 052 164
0000223	Enzo's Ristorante d'Italia	123 124 078 208 056 170
0000226	Ottavio's (CLOSED)	253 250 250 245 192 191 174 028 063 097 123 124 075 205 053 166
0000237	BNU	253 250 028 245 190 066 028 063 071 123 126 075 205 053 165
0000244	CAPUCINO'S	100 253 231 250 198 250 062 132 192 191 132 084 087 059 123 124 075 205 052 164
0000250	Venetian Gardens	250 198 191 111 123 075 205 052 164
0000258	Newtowne Grille	231 250 250 124 123 074 204 051 163
0000264	NAVONA	253 250 200 149 192 191 132 097 248 123 124 076 206 054 167
0000282	Pagliuca's Restaurant	253 250 250 036 123 124 075 205 052 165
0000290	Paparazzi	250 250 245 102 174 242 132 114 059 031 123 075 205 053 165
0000295	The Pushcart	231 192 191 123 124 075 205 052 164
0000296	MAMMA MARIA	080 250 250 200 192 191 174 097 123 124 126 076 206 054 167
0000298	Black Goose (fka Oca Nera)	253 028 063 097 059 036 123 124 126 075 205 053 165
0000299	Bello Mondo	253 250 040 111 057 024 229 005 068 123 075 205 053 166
0000306	Azita	250 242 123 078 208 056 170
0000307	Palmer's	253 200 245 191 045 123 124 077 205 053 166
0000311	Florentina Restaurant	123 078 208 056 170
0000324	Massimino's	253 231 250 149 192 191 242 036 123 124 076 206 053 164
0000334	Da Natale	100 253 198 174 123 124 076 206 054 165
0000337	Verona	100 231 250 198 250 123 124 075 205 052 164
0000343	Tuscan Grill	123 078 208 056 170
0000354	Cantina Italiana	253 231 250 192 191 174 010 123 124 075 205 052 165
0000359	MICHELA'S	080 253 099 028 200 189 102 192 191 114 097 036 024 215 126 076 206 054 167
0000367	FILIPPO RISTORANTE	100 080 253 250 250 192 191 174 036 024 215 123 124 075 205 053 166
0000381	RISTORANTE TOSCANO	080 250 250 200 245 192 191 174 097 083 001 123 076 206 053 167
0000391	CIAOBELLA	250 250 245 174 114 028 063 097 229 123 075 204 053 165
0000392	L'OSTERIA	100 253 231 200 123 124 076 205 052 165
0000398	Bernardo's	253 250 150 190 066 192 191 123 075 205 052 165
0000403	OLIVES	080 253 250 150 149 189 191 132 114 111 097 036 123 077 205 053 167
0000406	LUCIA'S RISTORANTE	080 231 250 250 200 192 191 174 036 123 124 075 205 053 165
0000407	Sfuzzi	253 250 250 200 245 191 174 114 108 097 084 087 215 123 075 205 053 166
0000413	Nicole	253 250 192 191 097 229 123 124 076 206 053 165
0000421	The Spaghetti Club	253 086 250 250 149 191 057 215 123 074 204 052 164
0000422	G'VANNI'S	253 231 250 250 200 191 132 059 123 124 075 205 053 166
0000423	La Summa	198 192 191 124 075 205 052 165
0000427	GIANNINO'S	253 250 250 102 028 063 084 087 123 075 205 053 166
0000428	On the Square	080 253 250 136 198 192 191 097 083 036 024 123 126 076 205 054 167
0000430	Saraceno's	253 250 198 250 124 076 206 053 166
0000435	JOE TECCE'S	253 231 250 198 192 191 123 124 075 205 052 165
0000436	Mother Anna's	231 250 192 191 123 124 076 205 053 165
0000001	Village	026 249 174 004 132 249 198 191 192 125 075 205 054 165
0000006	Trattoria Franco	214 136 125 078 208 056 170
0000011	Jezebel	214 174 249 200 196 125 140 075 205 053 166
0000012	Capri	137 249 174 249 125 075 204 051 164
0000014	Tucci Benucch	026 249 191 192 125 182 075 205 053 165
0000018	Papa Milano	026 249 198 125 075 204 052 164
0000020	Harry's Velvet Room	026 004 132 200 196 008 125 078 208 056 170
0000039	Sylviano's	137 125 078 208 056 170
0000040	Rico's	026 174 249 191 192 125 075 205 053 165
0000046	I Tre Merli	026 102 174 101 099 249 063 024 125 075 204 053 166
0000048	Ristorante Italia	214 249 125 075 204 052 165
0000056	Avanti Populo	214 102 174 249 191 192 063 125 075 204 053 165
0000057	Bella Vista	214 174 249 191 192 125 075 205 054 166
0000072	Villa Fiori	137 174 198 125 074 205 053 165
0000081	Strega Nona	214 242 125 078 208 056 170
0000084	Topo Gigio at the Park	214 125 075 205 052 165
0000088	Bacchanalia	214 249 136 125 076 205 052 164
0000095	Bacino's	026 249 100 086 125 182 075 204 052 163
0000098	Franco's Ristorante	214 136 125 076 205 052 164
0000102	Carmen's	137 249 100 086 125 182 075 204 052 163
0000103	Pane Caldo	026 174 249 200 245 196 125 075 205 053 166
0000108	Carlos & Carlos	137 174 125 075 205 053 166
0000115	Cafe Borgia	137 249 035 249 125 076 205 052 164
0000121	Relish	214 174 249 196 191 192 063 068 006 075 205 053 166
0000122	Lulu's	137 253 249 149 025 014 128 075 205 052 163
0000123	Wayside Manor	137 011 136 200 196 146 091 076 206 054 166
0000124	Shree	137 035 117 078 208 056 170
0000125	La Strada	026 200 057 071 024 125 075 205 053 167
0000126	Gypsy	026 249 191 192 063 024 140 075 205 053 166
0000134	Leona's Neighborhood Place	214 249 004 132 100 086 198 191 192 125 182 075 205 052 164
0000136	Vernon Park Tap	214 174 198 010 125 078 208 056 170
0000147	Ristorante Agostino	214 136 125 076 206 052 166
0000148	MAGGIANO'S LITTLE ITALY	026 249 174 099 249 245 189 191 192 063 114 024 125 075 205 053 165
0000151	Trattoria Dinotto	026 249 249 125 075 205 053 165
0000155	Il Fornaio	214 249 198 125 075 205 053 165
0000169	Primavera	026 174 040 057 071 024 125 075 206 054 167
0000170	Trattoria Ginotto	137 249 174 249 136 125 075 205 052 165
0000171	Bruna's Ristorante	214 249 125 075 205 052 165
0000172	Costa d'Oro	026 174 099 245 196 242 024 125 076 205 054 168
0000178	Lino's	026 174 099 189 024 125 076 205 053 166
0000184	Adagio	214 174 249 191 192 247 057 071 125 078 208 056 170
0000186	Rosebud	214 174 249 245 191 192 229 125 076 205 053 165
0000189	Cafe Spiaggia	026 249 125 076 206 054 166
0000190	La Bella Pasteria	137 249 125 075 205 053 165
0000196	Tra Via	214 174 249 136 025 125 076 205 053 165
0000209	Gilardi's	137 174 249 125 075 205 053 166
0000211	La Cantina	026 174 024 125 075 205 053 165
0000213	Sabatino's	214 174 249 191 192 125 075 205 053 165
0000221	Leona's on Taylor	214 249 174 100 086 198 191 192 125 182 075 204 052 164
0000223	Avanzare	026 101 099 249 200 191 192 063 114 024 125 076 206 054 167
0000228	Nana's	026 063 059 231 125 075 205 051 164
0000229	Tuscany	214 174 249 245 189 024 125 076 205 053 166
0000230	Scoozi!	026 237 102 174 249 114 024 125 182 076 205 054 165
0000232	Tucci Milan	026 174 249 189 229 125 075 205 053 165
0000233	Gusto Italiano	137 174 191 192 063 229 001 125 075 205 052 164
0000234	Bertucci's Pizzeria	026 249 174 100 086 229 125 182 074 204 052 163
0000236	Vita	026 174 242 024 125 078 208 056 170
0000239	Spavone's Seven Hills	137 249 174 249 198 191 192 125 075 205 053 165
0000240	Mondelli's on Grand	026 249 125 075 205 052 165
0000243	Pappagallo's	137 174 198 125 078 208 056 170
0000244	Spasso	137 174 011 249 136 200 191 192 025 125 076 206 054 166
0000245	Joe-n-Giuseppe	137 174 249 191 192 125 076 205 053 165
0000246	GABRIEL'S	137 011 099 200 245 196 193 191 192 242 146 114 090 125 077 206 054 168
0000249	Tutto Bene	026 174 249 229 125 075 205 053 164
0000252	Father and Son Pizza	214 249 174 004 132 100 178 086 229 125 182 074 204 052 163
0000257	Garardo's Cafe	137 174 136 198 125 078 208 056 170
0000259	Piatti	026 174 249 196 191 192 063 242 025 125 140 075 204 053 165
0000260	SPIAGGIA	026 249 101 099 245 191 192 146 125 076 206 055 168
0000262	Cafe Luciano	026 249 174 249 198 063 024 125 075 205 053 165
0000266	Via Veneto	137 249 196 125 075 205 052 165
0000271	Leona's	137 249 174 100 086 198 191 192 125 182 078 208 056 170
0000272	La Bocca della Verita	214 125 078 208 056 170
0000273	Bertucci's	214 249 149 125 075 205 053 164
0000277	Cielo	026 174 040 024 008 125 075 205 054 165
0000289	Vivo	026 102 174 249 184 200 114 125 075 205 054 166
0000294	La Sorella di Francesca	137 011 249 136 200 149 191 192 063 242 125 076 206 053 165
0000295	Club Lago	026 198 149 125 074 204 052 164
0000296	Red Tomato	214 249 149 025 125 075 205 053 165
0000302	Salvatore's	026 174 249 200 196 191 192 063 125 075 205 053 165
0000306	Del Rio	137 080 249 125 075 205 052 165
0000309	Giannotti Steak House	137 174 249 198 125 225 076 205 053 166
0000314	Topo Gigio	026 249 174 249 063 125 075 205 052 165
0000320	Rose Angelis	214 249 200 149 125 075 205 053 165
0000327	Ristorante Chianti	137 249 125 075 205 053 164
0000329	Trattoria Gianni	026 174 249 245 063 125 075 205 052 166
0000332	Harry Caray's	026 174 249 189 191 192 114 024 008 125 075 205 053 165
0000334	Leona's Original Pizza	214 249 174 004 132 100 086 198 191 192 125 182 075 204 052 163
0000337	Da Luigino	137 249 136 198 200 196 125 076 205 053 165
0000342	Basta Pasta	214 174 249 149 025 125 075 205 053 164
0000349	Carmine's Clamhouse	026 249 174 099 249 245 191 192 242 024 125 212 075 205 053 167
0000355	Jim & Johnny's	026 174 249 125 075 205 053 165
0000359	Dave's Italian Kitchen	137 253 035 249 149 125 075 205 051 163
0000362	Cucina Bella	026 249 198 125 075 205 053 164
0000364	Sole Mio	214 174 249 245 191 192 125 076 205 053 166
0000373	Nick & Tony's	026 174 249 191 192 063 242 024 125 078 208 056 170
0000374	Geppetto's	137 253 249 149 125 182 078 208 056 170
0000380	Gino's East	026 253 249 174 100 086 149 125 182 075 204 051 163
0000383	VA PENSIERO	137 011 200 196 191 192 025 125 076 206 054 167
0000384	Danilo's	026 174 125 075 205 052 165
0000387	Anna Maria Pasteria	214 035 249 125 075 205 052 163
0000389	Paladino's	026 174 086 249 184 125 182 078 208 056 170
0000392	Lucci's Pasta Facce Trattoria	137 174 249 198 191 192 024 125 075 205 053 164
0000402	Centro	026 102 174 189 114 125 075 205 053 165
0000403	Next Door	137 125 076 205 052 165
0000406	Parrinello	026 174 200 245 196 125 076 205 053 166
0000416	Capriccio's	137 249 125 075 205 053 165
0000419	Pazzo's Pizza & Pasta Kitchen	026 249 174 024 125 075 205 053 164
0000424	Del Debbio's	137 125 075 205 051 164
0000433	Stella d'Italia	026 249 196 242 125 075 205 053 165
0000436	La Fontanella	214 249 229 125 075 205 052 165
0000439	Tony Spavone's	137 249 191 192 057 071 125 075 205 052 165
0000440	Basilico	137 174 196 125 075 205 052 164
0000450	Bravissimo	026 174 249 191 192 063 024 125 075 205 053 165
0000451	Angelina Ristorante	214 174 249 149 125 075 205 053 165
0000452	Dancing Noodles Cafe	137 249 174 100 178 249 059 231 021 125 074 204 052 163
0000453	Club Lucky	214 174 249 149 191 192 114 125 075 205 053 164
0000457	Stefani's	214 174 249 191 192 063 125 182 075 205 053 165
0000463	VINCI	214 174 249 196 191 192 125 076 206 054 166
0000466	Carlucci	214 174 249 191 192 063 247 125 076 206 054 166
0000470	Clara's Pasta di Casa	137 174 198 149 125 078 208 056 170
0000472	La Gondola	214 174 249 125 075 205 052 165
0000479	Gennaro's	214 249 198 125 075 204 052 165
0000484	Trattoria Roma Terza	026 249 125 076 205 053 165
0000487	Cannella's	026 174 249 229 125 075 205 052 164
0000492	Pomodori	214 174 249 196 242 125 078 208 056 170
0000498	O Fame	214 249 100 086 149 125 182 075 204 052 164
0000499	Piatti Verde	026 125 243 078 208 056 170
0000506	Pomodoro	137 174 249 125 075 205 053 165
0000513	Tucchetti	137 174 100 249 198 125 074 205 053 164
0000515	Cucina Roma	137 174 025 125 078 208 056 170
0000528	Da Nicola Ristorante	214 249 125 074 205 052 165
0000531	Daniello's	137 174 249 198 057 071 125 074 204 052 164
0000534	Convito Italiano	137 249 174 059 231 036 025 125 075 205 053 165
0000535	Filippo's	214 249 196 125 075 205 053 165
0000539	Trattoria Pizzeria Roma	026 249 125 182 075 205 053 165
0000545	Como Inn	026 249 174 249 191 192 010 125 075 205 053 165
0000548	Monastero's	214 249 191 192 125 075 205 053 165
0000551	La Locanda	026 174 249 200 245 024 125 076 205 053 167
0000556	Grappa	026 174 101 099 200 193 242 040 247 024 125 076 205 054 167
0000564	TRIO	137 174 011 080 099 150 200 245 196 191 192 242 146 114 111 247 090 125 014 077 207 055 169
0000565	Giovanni's	137 174 004 132 249 136 198 245 191 192 059 231 008 125 075 205 052 164
0000573	Ranalli's	214 249 174 004 132 100 086 149 063 125 182 074 204 052 163
0000575	La Risotteria Nord	214 174 249 242 125 076 205 053 166
0000576	Vivere	026 174 101 099 200 245 196 189 191 192 024 125 076 206 054 167
0000578	Vinny's	214 174 178 249 191 192 063 125 074 205 052 165
0000585	Espial	214 004 132 184 200 196 191 192 025 068 092 125 078 208 056 170
0000586	Bice	026 249 174 099 249 189 191 192 063 114 024 125 075 205 054 167
0000587	Alex's Washington Gardens	137 035 249 196 125 075 205 052 165
0000595	Rosebud on Rush	026 237 174 101 099 249 245 189 191 192 114 024 125 076 205 053 166
0000597	Cafe 36	137 249 249 136 200 196 191 192 090 125 076 205 053 166
0000600	Tutto Italiano	026 174 136 125 078 208 056 170
0000603	Mare	026 174 101 099 249 245 189 191 192 063 242 114 024 125 212 076 205 054 167
0000604	Mia Torre	026 125 075 205 053 164
0000605	Johnny D's	137 174 125 182 075 205 052 164
0000612	MIA FRANCESCA	214 102 174 249 149 191 192 063 114 125 076 205 053 165
0000615	Trattoria No. 10	026 174 191 192 125 076 205 054 166
0000618	Un DiAmo	214 174 249 242 125 075 205 053 166
0000621	Oo-La-La!	214 102 174 249 063 114 092 125 075 205 053 165
0000628	Il Toscanaccio	026 242 125 078 208 056 170
0000629	Bar Louie	026 004 132 184 125 078 208 056 170
0000634	Osteria del Vecchio Ristorante	174 191 192 125 182 078 208 056 170
0000636	Coco Pazzo	026 174 101 099 249 200 189 114 024 025 125 076 206 054 167
0000637	D'Agostino's Cafe & Bar	214 174 100 086 249 198 125 182 078 208 056 170
0000639	Madison's	026 004 132 099 249 191 192 242 024 125 225 078 208 056 170
0000641	Babaluci	214 249 125 074 204 052 164
0000642	Leona's Daughters	214 249 174 100 086 198 191 192 125 182 075 205 052 164
0000658	Francesco's Hole in the Wall	137 174 249 125 078 208 056 170
0000663	My Favorite Inn	137 249 198 149 125 076 206 052 165
0000667	Cafe Angelo	026 190 174 196 191 192 040 024 229 125 075 205 053 165
0000673	Febo	214 174 198 191 192 125 075 205 052 164
0000675	La Luce	026 174 196 024 125 078 208 056 1700000000	Il Mito	252 249 024 125 076 205 053 166
0000002	Caffe Luna	252 086 249 248 251 149 063 197 004 156 125 075 204 053 164
0000008	Fresco Ristorante	252 099 200 192 071 024 125 078 208 056 170
0000011	Orso	252 249 248 251 189 063 215 125 076 205 054 166
0000014	Bellini's Trattoria	252 249 125 075 205 053 164
0000022	Mario's Cooking for Friends	252 249 248 251 181 001 229 125 076 205 053 165
0000024	La Scala	252 248 251 125 075 205 053 166
0000037	Cafe Med	249 248 251 242 156 125 078 208 056 170
0000038	Pane e Vino	252 249 248 251 189 102 063 114 024 215 125 075 205 053 166
0000039	I Cugini	100 080 252 249 248 251 155 114 024 215 125 075 205 054 166
0000040	Il Forno	252 001 125 076 205 052 165
0000041	Osteria Romana Orsini	192 189 229 125 075 205 053 166
0000044	HARRY'S BAR	229 125 075 205 053 166
0000050	Il Cielo	175 248 251 200 192 063 071 125 075 206 054 167
0000054	Ciao Trattoria	252 249 136 242 125 075 205 054 165
0000056	Gardel's	252 197 012 034 038 218 125 075 205 053 165
0000060	Pane Caldo	026 252 249 248 251 192 063 125 075 205 053 165
0000066	Il Piccolino	252 249 248 251 149 071 125 075 205 052 165
0000068	Pastina	242 025 125 075 205 052 165
0000083	LOCANDA VENETA	175 200 189 114 001 125 077 206 053 167
0000086	Mi Piace	252 249 248 251 149 063 132 114 084 087 254 125 075 205 053 165
0000087	Farfalla on La Brea	252 086 249 248 251 149 192 102 063 132 114 215 025 125 183 075 205 053 165
0000092	Bellapasta	252 149 125 075 205 053 164
0000095	Peppone	080 252 249 198 229 125 076 205 053 167
0000097	Nicola's Kitchen	249 125 078 208 056 170
0000101	Osteria Nonni	252 249 197 125 075 205 052 164
0000110	Piazza Rodeo	252 249 248 251 149 063 156 125 074 205 053 165
0000111	La Scala Presto	252 248 251 149 125 075 205 052 164
0000114	Primi	080 252 192 125 076 205 053 167
0000116	Emporio Armani Express	125 075 205 054 165
0000121	Gladstone's Universal CityWalk	100 249 248 251 149 192 063 242 114 212 074 204 053 165
0000122	Toto	252 249 136 149 125 076 205 051 164
0000123	Matty's on Melrose	252 248 251 102 071 215 125 074 205 052 165
0000124	Trattoria Angeli	100 252 192 125 075 205 053 165
0000125	Cicada	249 175 192 189 102 114 024 215 125 076 205 053 167
0000126	Mario's	252 249 248 251 192 155 125 183 075 205 052 164
0000127	Angeli Caffe	252 086 249 248 251 102 114 215 125 075 205 052 165
0000131	Drago	080 252 249 175 192 189 102 114 024 001 025 125 076 206 053 167
0000149	Cafe Bellissimo	100 249 248 251 192 197 071 125 074 205 052 164
0000150	Tribeca City Pizza	080 252 086 249 248 251 149 063 215 031 045 125 183 075 204 052 164
0000152	Trilussa	252 249 248 251 192 063 071 125 075 204 052 165
0000155	Alejo	252 249 149 125 076 205 051 163
0000161	Terrazza Toscana	252 249 248 251 063 242 125 076 205 054 166
0000169	La Luna	252 249 248 251 125 075 205 053 165
0000177	Locanda del Lago	249 063 125 075 205 053 166
0000183	Sorriso	249 248 251 242 114 125 078 208 056 170
0000193	La Famiglia	249 198 192 190 125 076 206 053 167
0000195	TOSCANA	252 249 248 251 114 215 125 076 205 053 166
0000205	Rosso e Nero	249 136 196 215 125 078 208 056 170
0000214	Posto	252 249 192 181 125 076 205 053 167
0000215	L.A. Trattoria	100 252 249 149 192 132 125 183 076 205 053 165
0000216	Maria's Italian Kitchen	100 252 249 248 251 149 192 181 125 075 205 052 164
0000217	Dan Tana's	249 004 229 045 125 075 205 053 166
0000225	Emilio's	252 249 192 071 229 125 075 205 053 166
0000229	Dino's Italian Inn	249 200 196 125 078 208 056 170
0000234	Matteo's Taste of Hoboken	100 252 248 251 149 125 075 205 051 164
0000236	La Vecchia Cucina	252 249 155 132 125 075 205 053 165
0000249	Da Pasquale	252 249 125 076 205 052 164
0000257	Tivoli Cafe	252 249 149 031 125 075 205 052 164
0000260	Market City Caffe	252 249 248 251 071 125 075 205 053 164
0000273	Celestino	252 249 192 071 024 025 125 076 205 053 167
0000278	Marino	080 192 181 125 076 206 053 166
0000283	CA'BREA	252 249 175 192 189 102 114 024 125 076 205 053 166
0000284	L'Opera	011 252 099 249 175 192 125 076 206 054 166
0000289	REX IL RISTORANTE	080 252 175 200 196 190 071 057 024 125 077 206 055 168
0000291	Tra Di Noi	252 249 155 125 076 205 053 166
0000292	Florian	175 200 102 242 114 215 125 078 208 056 170
0000309	Cafe Misto	249 155 125 075 205 052 164
0000312	Giorgio	252 249 125 076 205 053 167
0000314	La Bruschetta	125 076 206 053 166
0000315	Cardini	196 192 040 024 125 076 205 054 167
0000318	Matteo's	252 249 192 132 125 075 205 053 167
0000322	Il Fornaio - LA	252 252 192 063 114 027 125 075 205 053 165
0000323	Angeli Mare	252 249 215 125 075 205 053 165
0000327	Tra Fiori	080 136 248 251 196 071 215 125 078 208 056 170
0000333	Rosti	252 249 248 251 181 125 075 204 051 164
0000345	Madeo	252 249 192 071 001 125 076 205 053 167
0000351	La Pergola	249 136 198 125 078 208 056 170
0000365	Trattoria Farfalla	252 086 249 149 114 125 076 205 053 165
0000368	San Remo	100 252 249 198 197 125 075 205 052 164
0000374	Hugo's	252 086 249 248 251 102 156 031 125 075 205 052 164
0000378	Far Niente	249 196 125 078 208 056 170
0000385	Chianti	080 252 249 192 010 125 076 206 054 167
0000392	Pat's	252 249 125 131 075 205 053 165
0000396	Fritto Misto	100 252 249 248 251 149 197 031 125 075 205 052 164
0000412	Caffe Delfini	100 252 249 155 001 125 076 205 053 166
0000416	Milano's Italian Kitchen	100 252 248 251 125 075 205 053 164
0000422	La Loggia	252 249 125 076 205 052 166
0000437	Sisley	249 125 075 205 052 164
0000442	CHIANTI CUCINA	252 249 248 251 192 102 114 125 076 205 053 166
0000443	Modo Mio	249 136 242 125 078 208 056 170
0000446	Nicky Blair's	102 071 215 125 075 205 053 1670000003	TONY ANGELLO'S	157 158 198 245 125 076 206 053 165
0000012	TORTORICI'S	231 157 158 191 149 010 125 075 205 052 165
0000013	COMPAGNO'S	253 086 231 157 158 198 149 010 083 229 125 074 205 052 163
0000014	PASTABILITIES	125 078 208 056 170
0000018	TONEY'S AVENUE CAFE	231 157 158 149 125 075 205 052 163
0000030	ANDREA'S RESTAURANT	253 099 157 158 198 200 192 097 224 125 076 206 054 166
0000040	CARMINE'S	253 086 231 157 158 191 242 229 125 076 205 052 164
0000054	DELERNO'S RESTAURANT	253 157 158 198 192 242 125 075 205 052 164
0000057	RISTORANTE CARMELO'S	157 158 184 192 242 125 075 205 053 165
0000068	Assunta's	125 076 205 054 164
0000070	Lido Gardens	253 086 231 157 158 191 149 125 075 205 051 164
0000086	MIMI'S	253 086 231 191 149 046 125 076 205 053 164
0000094	BACCO	125 078 208 056 170
0000115	Maestro's (CLOSED)	253 231 157 158 191 242 125 074 204 052 164
0000119	G & E COURTYARD GRILL	253 086 157 158 184 200 191 063 242 125 078 208 056 170
0000121	ASIA GARDEN	157 158 149 039 074 204 052 163
0000122	PARASOL'S	086 231 157 158 192 197 149 114 046 185 159 075 204 051 162
0000123	Crozier's	253 099 198 245 146 092 076 206 053 166
0000124	Moran's (CLOSED)	253 099 157 158 200 125 076 206 054 167
0000125	Berdou's ``The Original''	100 253 086 231 198 192 149 212 076 205 052 164
0000126	IMPASTATO'S	253 192 125 076 205 053 166
0000134	BRICK OVEN CAFE	125 078 208 056 170
0000135	MONA LISA	086 157 158 242 083 125 075 205 052 163
0000142	SAL & JUDY'S	157 158 125 077 205 052 165
0000144	ROCKY & CARLOS	086 231 157 158 197 149 132 046 125 075 204 051 162
0000146	VENEZIA	100 253 086 231 157 158 191 149 125 182 075 204 051 163
0000166	DI PIAZZA'S	253 231 157 158 184 245 102 192 191 114 125 078 208 056 170
0000183	MOSCA'S	245 197 149 046 125 076 205 051 166
0000194	PEPPERMILL	253 086 231 157 158 198 149 083 224 125 075 205 053 164
0000203	Giorgio's (CLOSED)	253 231 157 158 242 125 076 206 054 165
0000211	Nuvolari's (CLOSED)	253 157 158 125 075 205 054 165
0000219	MAMA IGOR'S	253 086 231 157 158 149 125 075 204 052 164
0000223	PASCAL'S MANALE	253 157 158 198 191 083 125 075 205 052 166
0000225	LA RIVIERA	253 099 086 157 158 198 245 192 149 097 125 076 206 053 166
0000230	OLD CALCUTTA	253 157 158 184 191 063 149 010 097 125 078 208 056 170
0000234	Mama Rosa's	231 191 149 132 125 182 075 204 051 163
0000236	LIUZZA'S	100 253 086 157 158 149 046 125 075 205 051 163
0000244	MAXIMO'S	157 158 184 242 132 114 010 125 075 205 054 165
0000246	CAFE ROMA	253 086 157 158 184 200 191 197 242 132 125 078 208 056 170
0000257	ALBERTO'S	086 157 158 197 242 149 046 125 076 205 052 164
0000260	PASTORE'S	157 158 191 149 125 075 205 053 165
0000275	SWEET BASIL	157 158 156 125 075 204 052 163
0000284	Fausto's Kitchen	125 078 208 056 170
0000287	FIORELLA'S	253 086 231 157 158 192 242 125 078 208 056 170
0000288	MAMIE'S	253 231 157 158 191 125 075 205 052 164
0000000	Natalino	125 075 205 052 167
0000018	Nanni Il Valletto	125 076 205 053 168
0000019	Mezzogiorno	253 063 125 075 204 053 167
0000020	Nicola Paone	080 125 075 205 053 168
0000023	Fishin Eddie	250 125 212 075 205 053 167
0000030	Due	250 063 004 132 224 125 075 205 052 167
0000043	Sal Anthony's	125 075 205 053 167
0000044	San Domenico	080 198 097 141 125 076 206 054 169
0000051	Bellini by Cipriani	193 040 125 076 205 053 168
0000052	Orso	250 190 125 076 205 053 167
0000055	Cucina di Pesce	086 063 004 132 125 212 075 204 052 164
0000065	Caffe Carciofo	242 125 075 205 053 165
0000067	Il Gabbiano	198 193 229 125 076 206 052 167
0000071	Bistro Cafe	125 078 208 056 170
0000074	Caffe Cielo	253 125 075 205 053 167
0000082	Frutti di Mare	125 212 075 205 052 165
0000083	Il Menestrello	198 193 125 076 206 053 168
0000087	Appetito	125 075 205 052 166
0000094	Il Tinello	196 229 125 076 206 053 168
0000095	I Tre Merli	026 080 184 102 191 192 063 004 132 114 125 075 204 053 167
0000097	Mary's Restaurant	004 132 248 125 075 205 053 166
0000098	Back Porch	178 125 074 204 052 165
0000101	Frank's Restaurant	253 194 191 192 010 197 125 225 075 205 052 167
0000106	Il Cortile	250 193 004 132 125 076 205 054 167
0000107	Aria	196 191 192 059 231 125 075 205 053 167
0000109	Arqua	250 191 192 025 025 125 076 205 053 168
0000110	Cafe Baci	242 125 075 205 052 166
0000111	Piccola Venezia	248 229 125 076 206 052 167
0000112	Bella Mama	125 075 205 052 165
0000115	Scoop	196 193 125 075 205 052 167
0000116	Il Cantinori	063 125 076 205 054 168
0000121	New Prospect Cafe (Bklyn.)	224 005 068 075 205 052 165
0000122	The Small Cafe	040 005 075 205 053 167
0000123	Sido Abu Salim	250 143 075 204 051 165
0000124	Sichuan Palace	193 039 075 205 053 167
0000125	Aperitivo	125 075 205 052 168
0000126	Amici Miei	191 192 063 125 074 204 053 166
0000127	Felidia	080 198 097 125 076 206 054 169
0000137	La Rivista	229 125 075 205 052 167
0000140	Fiori	125 074 204 053 165
0000142	Va Bene	250 125 129 075 205 053 167
0000144	Benvenuti Ristorante	125 075 205 053 167
0000147	San Martin's	250 193 190 063 059 231 125 140 223 075 205 052 168
0000148	L'Incontro	242 125 075 205 053 167
0000158	CARMINE'S	086 250 102 059 231 125 075 205 052 165
0000160	Brio	125 075 205 053 167
0000163	101 Seafood	125 212 075 205 053 166
0000165	Nello	063 125 074 204 052 167
0000170	Cafe Nosidam	242 005 125 078 208 056 170
0000173	Trattoria Pesce Pasta	250 242 125 078 208 056 170
0000176	Paul & Jimmy's	229 125 075 205 052 167
0000177	Il Gattopardo	113 125 075 205 053 167
0000179	Caffe BiondoX	063 043 125 075 205 052 165
0000180	Miss Ellie's Homesick Bar & Grill	063 229 008 125 074 205 053 165
0000181	Trattoria dell'Arte	250 193 190 191 192 004 132 153 083 059 231 125 076 205 054 167
0000184	Pasta Vicci	125 179 074 204 051 164
0000189	Pietro & Vanessa	063 125 075 205 052 166
0000191	Ci Vediamo	184 063 125 078 208 056 170
0000196	Pinocchio	004 132 125 075 205 053 167
0000203	Ferrara	063 043 229 125 176 078 208 056 170
0000212	Tre Scalini	125 076 205 053 168
0000217	John's of 12th Street	125 075 205 052 165
0000224	La Strada	026 004 132 229 125 075 205 052 167
0000225	La Strada	026 004 132 125 075 205 052 166
0000234	Coco Lezzone	242 125 078 208 056 170
0000246	Palio	080 253 196 194 193 191 192 125 076 206 054 169
0000252	Il Nostro	193 125 140 075 204 052 165
0000253	Antico Caffee	253 184 125 075 204 052 164
0000255	Carino	125 075 205 052 165
0000259	Paper Moon Milano	025 125 075 205 053 167
0000266	Casa Di Pre	198 125 074 205 052 165
0000287	San Giusto	125 075 205 053 168
0000295	PRIMAVERA	026 099 250 198 196 189 097 125 140 076 206 054 169
0000299	Tirami Su	229 125 075 204 052 166
0000300	Cafe Europa	004 132 125 078 208 056 170
0000306	Mimi's	004 132 057 071 125 074 204 051 165
0000311	Firenze	125 075 205 053 167
0000319	Mediterraneo	229 125 075 204 052 166
0000322	Erminia	200 125 129 076 206 054 168
0000328	Angelo's of Mulberry St.	010 125 075 205 052 167
0000329	Cafe 400	242 008 125 074 204 052 164
0000333	Tommaso's	080 193 191 192 229 229 125 076 205 052 167
0000334	Letizia	193 004 132 057 071 125 075 205 053 167
0000335	Sette Mezzo	250 189 097 125 076 205 052 167
0000336	Mario's	248 059 231 125 182 075 205 052 167
0000338	Becco	250 193 190 191 192 059 231 229 125 075 205 053 167
0000339	Tutta Pasta	100 086 250 063 125 075 204 052 164
0000340	Joey's Paesano	242 125 075 204 052 165
0000346	Arlecchino	191 192 063 004 132 125 075 205 053 166
0000351	Ticino	242 057 071 125 227 075 205 053 167
0000353	The View	193 190 040 057 071 224 045 091 125 075 205 055 168
0000354	Sistina	125 076 205 053 169
0000355	Urbino	125 075 205 052 167
0000358	Patriccio's	248 125 075 205 053 167
0000360	Campagnola	004 132 057 071 125 075 205 053 168
0000361	Girasole	063 125 075 205 053 168
0000364	La Fondue	125 227 074 204 052 165
0000370	Vinsanto	125 075 205 053 166
0000374	Cesarina	253 193 059 231 125 075 205 053 167
0000377	Isola	063 248 025 125 075 204 052 166
0000378	Fiorello's Roman Cafe	193 063 125 182 075 205 053 167
0000380	Sofia's	057 071 125 075 205 052 166
0000383	The Sumptuary	193 063 248 045 125 075 205 053 167
0000393	Mappamondo	086 250 063 004 132 059 231 025 125 075 205 052 164
0000394	Pietro's	193 125 225 075 205 052 168
0000402	Pescatore	242 125 078 208 056 170
0000403	Nino's	136 242 057 071 125 076 205 053 167
0000407	Courtyard Cafe	063 040 111 125 075 205 053 167
0000413	Santerello	125 075 205 053 167
0000417	Capriccio	125 075 205 053 167
0000421	Dolce	253 193 125 075 205 053 167
0000430	Gabriel's	137 253 193 190 189 102 059 231 025 125 076 205 053 168
0000435	Grand Ticino	125 075 205 053 167
0000436	Caffe Buon Gusto	125 075 205 052 165
0000438	Milano	136 125 076 205 053 167
0000441	Cucina Della Fontana	125 074 204 053 164
0000448	Anche Vivolo	193 125 075 205 053 167
0000450	Fanelli's Cafe	194 004 132 008 106 125 074 204 053 164
0000451	Romeo Salta	198 125 075 205 053 168
0000461	Nicola's	059 231 125 075 205 052 168
0000466	Petaluma	063 224 125 075 205 053 167
0000470	Tempo	193 125 076 206 053 167
0000474	Il Ponte Vecchio	097 229 125 075 205 052 167
0000481	Orologio	250 198 063 242 004 132 125 078 208 056 170
0000484	Divino	125 075 205 052 167
0000488	A Pasta Place	136 125 075 205 052 165
0000491	The Road House	004 132 125 182 075 204 051 164
0000496	Buono Tavola	057 071 125 078 208 056 170
0000499	Vittorio Cucina	136 063 248 025 125 075 205 053 167
0000500	Giambelli	196 229 229 125 075 205 053 168
0000503	Roettelle A.G.	193 063 057 071 025 092 098 125 227 075 205 053 167
0000510	Primola	250 193 125 076 205 053 168
0000512	IL MULINO	253 099 189 114 097 125 077 206 053 169
0000513	Ballato's                             	229 125 075 205 052 166
0000517	Il Vagabondo	125 074 204 052 166
0000521	Vucciria	253 250 200 125 075 205 053 167
0000527	San Pietro	025 125 076 205 053 169
0000528	Isabella's	250 184 004 132 224 125 140 075 204 053 166
0000531	Girafe	193 125 076 206 053 168
0000532	Ahnell	242 125 075 204 054 167
0000539	Volare	125 075 205 052 166
0000541	Caffe Rosso	200 125 075 205 053 166
0000545	Ecco-La	025 125 075 204 052 165
0000549	Il Giglio	125 076 205 053 168
0000556	Minetta Tavern	010 125 075 205 052 167
0000558	The Cloister Cafe	063 248 043 092 125 073 204 053 164
0000561	Bora	125 076 206 052 167
0000563	Fino	125 076 205 053 167
0000565	Po	250 198 193 242 125 140 212 078 208 056 170
0000566	Zucchero	125 075 204 052 165
0000568	Rosemarie's	198 193 191 192 059 231 125 076 206 053 168
0000569	Valone's	253 250 178 125 074 204 052 165
0000570	Valone's	253 250 178 125 074 204 052 165
0000573	Trastevere 83	125 076 205 053 168
0000579	Rosolio	253 125 075 205 053 167
0000581	Positano	153 059 231 125 075 205 053 167
0000590	Fagiolini	125 075 204 052 165
0000594	Via Oretto	242 059 231 125 076 206 052 166
0000595	La Spaghetteria	004 132 057 071 125 075 205 053 165
0000596	Sirabella's	125 075 205 052 167
0000600	Supreme Macaroni Co.	125 074 204 052 165
0000603	Quartiere	004 132 125 075 204 053 166
0000611	Contrapunto	125 075 204 052 166
0000612	Stella del Mare	193 248 057 071 125 140 212 076 205 053 168
0000615	Villa Mosconi	229 125 075 205 052 166
0000623	Cucina & Co.	100 193 111 059 231 125 140 074 204 052 165
0000632	Gino	125 075 205 052 167
0000633	Mamma Leone's	100 178 040 057 071 125 073 204 052 167
0000634	Asti	178 010 125 074 205 052 167
0000635	Carosello	136 125 075 205 053 167
0000642	Grappino	125 075 205 053 167
0000645	Patzo	063 125 074 204 052 165
0000650	Basta Pasta	214 253 083 125 075 205 053 166
0000658	Brunetta's	242 125 075 205 052 164
0000659	Nanni's	125 076 205 052 168
0000660	Vincent's	010 125 075 205 052 165
0000663	Lanza Restaurant	198 193 063 125 078 208 056 170
0000667	Cinquanta (aka 50)	193 125 075 205 052 167
0000671	Harry Cipriani	250 193 040 125 076 206 054 169
0000677	Ponticello	136 125 076 206 053 167
0000678	Duane Park Cafe	250 198 005 125 076 205 053 167
0000679	Est Est Est	125 075 205 053 167
0000681	Pappardella	063 125 075 204 052 166
0000682	Baraonda	063 242 004 132 114 125 075 204 053 167
0000684	Dolcetto	063 242 125 078 208 056 170
0000685	Paola's	125 076 206 053 168
0000686	Piccolino	100 125 075 205 052 165
0000687	Sotto Cinque	086 063 125 074 204 051 163
0000688	Elaine's	178 004 132 125 074 204 052 167
0000692	Trattoria Siciliana	250 125 078 208 056 170
0000694	Il Vigneto	242 125 078 208 056 170
0000697	Osso Buco	250 125 075 205 052 166
0000704	Stellina	125 075 204 052 166
0000714	Il Ponte	136 125 075 205 053 167
0000722	Arturo's Pizzeria	004 132 057 071 125 182 075 204 051 163
0000726	Twigs	125 140 075 205 052 165
0000728	Lamarca	125 075 204 051 164
0000729	Sambuca	125 075 205 052 165
0000731	Cucina & Co.                          	100 193 111 059 231 125 140 076 205 053 167
0000735	Presto's	063 125 212 074 204 052 165
0000736	Moreno	253 250 193 063 125 075 205 053 167
0000741	Vinnie's Pizza	100 086 250 004 132 059 231 125 182 076 204 050 162
0000745	Pasta Lovers	100 086 125 074 204 052 165
0000748	Corrado	253 250 125 075 205 052 167
0000750	Grotta Azzurra	086 010 125 075 205 052 167
0000757	Ernie's	193 063 004 132 153 248 125 074 204 052 166
0000761	Lobster Box	100 197 248 008 125 212 075 204 052 167
0000764	Loui Loui	253 193 063 242 004 132 092 125 078 208 056 170
0000770	Tevere 84	125 129 075 205 053 168
0000776	Bella Donna	229 125 075 204 051 164
0000777	Coming Or Going	100 086 059 231 156 008 125 140 075 205 052 166
0000780	Bello	059 231 125 078 208 056 170
0000781	La Barca	253 229 125 075 205 053 168
0000783	Taormina	125 075 205 053 167
0000788	Cucina Stagionale	086 250 004 132 125 075 204 052 164
0000789	Azzurro	253 250 059 231 125 075 205 053 167
0000793	Follonico	253 196 083 125 076 205 053 167
0000794	Da Silvano	253 063 125 075 205 053 168
0000798	Capriccioso	125 182 075 205 052 166
0000800	Sette MOMA	253 250 198 193 190 242 114 083 125 078 208 056 170
0000801	Bella Luna	125 075 205 053 166
0000802	Three of Cups	136 242 004 132 125 182 076 206 053 164
0000808	Pellegrino	136 004 132 125 075 205 053 166
0000812	Da Tommaso	253 125 075 205 052 167
0000813	Hosteria Fiorella	086 198 083 025 125 075 205 053 167
0000815	Vico	250 001 125 075 205 052 168
0000817	La Primavera	193 125 075 205 053 167
0000818	Barbetta	080 198 200 196 193 190 191 192 010 097 248 057 071 125 075 205 054 168
0000822	Scaletta	125 075 206 053 167
0000823	Canastel's	184 190 004 132 111 153 059 231 125 182 075 204 053 167
0000826	Zinno	193 057 071 125 075 205 053 167
0000827	Country Club	191 192 004 132 057 071 005 008 125 074 204 053 167
0000833	Tiziano Trattoria	250 063 004 132 248 125 075 205 052 167
0000835	IL NIDO	099 189 125 076 206 053 168
0000838	Allegria	063 125 074 204 053 166
0000849	Coastal	253 059 231 224 125 212 075 204 052 166
0000853	Mazzei	250 125 076 205 053 168
0000854	Park Side	059 231 229 229 125 076 205 053 167
0000855	Lattanzi Ristorante	200 063 125 129 075 205 053 167
0000861	Parma	229 125 075 205 052 167
0000863	Diva	184 200 102 063 242 004 132 125 078 208 056 170
0000870	Andiamo	253 191 192 125 075 205 053 167
0000880	Triangolo	125 075 205 052 166
0000884	Briscola	125 078 208 056 170
0000886	Cleopatra's Needle	057 071 125 143 243 074 204 052 165
0000891	La Fusta	136 012 125 218 076 205 051 165
0000893	Pomodori	214 242 125 075 205 052 165
0000905	Angels	191 192 125 075 204 052 164
0000907	Garibaldi	198 083 125 182 078 208 056 170
0000908	RAO'S	194 189 197 114 125 076 205 052 168
0000912	Il Corallo Trattoria	184 125 182 075 204 052 165
0000914	Caffe Rafaella	184 063 004 132 043 125 078 208 056 170
0000919	S.P.Q.R.	125 075 205 053 167
0000928	Orbit	214 184 242 004 132 005 125 078 208 056 170
0000933	Googies Italian Diner	100 086 250 184 063 242 008 061 125 078 208 056 170
0000936	Barocco	125 075 205 053 167
0000941	Meridiana	125 075 204 053 166
0000949	Ciccio & Tony's	184 194 193 191 192 242 004 132 125 075 205 053 166
0000952	La Dolce Vita	043 125 076 205 053 166
0000953	Mangia e Bevi	250 184 242 059 231 125 078 208 056 170
0000954	Elio's	102 125 076 205 053 168
0000960	TRIONFO                               	125 075 205 053 167
0000963	Florence (fka Caffe Florence)	004 132 111 005 005 125 075 205 052 167
0000964	Grifone	125 076 206 053 168
0000967	Avanti	063 242 125 078 208 056 170
0000968	Lusardi's	250 059 231 125 076 205 053 168
0000970	Caffe Cefalu	043 229 125 075 205 052 165
0000974	Montebello	193 125 076 206 053 167
0000975	Bruno Ristorante	097 248 057 071 125 075 205 053 168
0000976	DA UMBERTO	099 114 125 076 206 053 168
0000977	Joe & Joe	125 075 205 052 166
0000979	Isle of Capri	125 212 074 205 052 167
0000997	Col Legno	248 125 182 075 204 052 166
0001015	Paolucci's	248 125 075 205 052 166
0001016	Lello Ristorante	125 075 205 053 168
0001017	Ferdinando's Focacceria	136 242 248 001 125 076 205 052 164
0001018	Tre Pomodori	242 125 075 205 052 165
0001032	Two Boots	100 086 030 047 125 182 075 204 052 164
0001033	Vivolo	200 193 190 248 125 075 205 053 167
0001035	Patsy's	086 193 059 231 059 231 125 182 078 208 056 170
0001039	Piccolo Pomodoro	125 075 205 052 165
0001043	Borsalino	125 075 205 053 166
0001053	Baci	125 075 204 052 166
0001054	Bice	026 250 102 063 114 125 076 205 053 168
0001055	Scalinatella	196 125 076 205 053 168
0001058	Buona Sera	004 132 125 075 204 052 165
0001059	Cent' Anni	193 001 125 076 205 052 167
0001068	Le Madri	099 250 189 191 192 063 114 097 025 125 076 205 054 168
0001070	Villa Berulia	125 076 206 053 167
0001071	Trattoria Alba	125 075 205 053 166
0001072	Il Monello	253 250 198 196 229 125 076 205 053 168
0001074	Sardi's	178 193 191 192 010 004 132 141 125 074 205 053 167
0001075	Tony's Di Napoli	125 074 204 052 165
0001083	Barolo	250 191 192 063 004 132 125 075 205 054 167
0001086	Pasta Presto	100 178 004 132 059 231 125 074 204 051 164
0001096	101	125 075 205 053 166
0001098	Remi	253 099 250 198 191 192 063 153 001 125 076 205 054 168
0001099	Dominick's ``real homestyle'',SX	250 197 001 125 076 204 051 166
0001104	Patsy's Pizza	004 132 125 182 182 076 204 051 164
0001114	Sant Ambroeus	083 059 231 043 125 075 205 053 167
0001117	44 Southwest	253 111 008 125 075 204 052 165
0001121	Taste of Hong Kong	075 205 052 165
0001122	Les Routiers	250 092 075 205 053 167
0001123	Medici 56	198 242 059 231 057 071 125 129 078 208 056 170
0001124	La Boulangere	253 198 083 068 092 176 075 204 052 164
0001125	Caribe	184 191 192 034 075 204 053 165
0001126	Fifty-Seven, Fifty-Seven	078 208 056 170
0001127	Sfuzzi	184 193 190 059 231 125 075 205 053 167
0001129	Patrissy's	125 075 205 052 167
0001140	Ecco L'Italia	242 004 132 057 071 125 078 208 056 170
0001141	Coco Pazzo	026 102 114 125 076 205 053 168
0001145	Boathouse Cafe	100 178 191 192 063 125 074 204 054 166
0001151	La Focaccia	248 125 075 205 053 166
0001152	Portico	125 075 205 053 166
0001154	Gianni's	063 125 075 204 053 167
0001155	Chumley's	178 194 010 248 008 125 074 204 053 164
0001160	Parioli Romanissimo	125 076 206 054 169
0001161	Cafe Trevi	253 198 200 196 125 076 206 053 168
0001164	La Collina	125 075 205 052 167
0001175	Chelsea Trattoria	125 075 205 053 167
0001176	Mezzaluna	086 063 004 132 125 075 204 052 167
0001180	Bar Pitti	063 242 004 132 025 125 075 205 053 165
0001183	Pasticcio	125 075 205 052 166
0001187	Vespa	229 125 075 205 052 166
0001189	Tre Giganti	242 125 078 208 056 170
0001190	Casalone	063 125 075 204 053 167
0001193	DeGrezia	125 076 206 054 168
0001195	Ecco	229 125 140 075 205 053 167
0000000	Circolo	253 231 200 191 192 174 063 114 248 071 036 024 123 140 075 205 053 166
0000002	Medioevo	123 124 078 208 056 170
0000009	Laghi	253 250 036 123 075 205 052 166
0000012	Ruby's	253 231 250 191 192 059 036 024 031 068 123 124 182 075 205 053 165
0000018	Giramonti	253 099 250 200 191 192 174 063 024 229 123 124 075 205 053 166
0000020	Donatello	080 099 250 200 245 193 189 191 192 174 146 040 024 156 123 124 076 206 054 168
0000021	Rosmarino	231 250 063 024 224 092 123 076 206 054 167
0000038	La Fiammetta Ristorante	253 250 200 114 025 123 076 206 053 167
0000039	Allegro	123 124 078 205 053 170
0000042	Ernesto's	100 253 231 250 124 182 075 205 052 164
0000045	I Fratelli	253 231 250 097 229 123 124 075 205 053 165
0000047	Capp's Corner	231 250 193 174 197 215 123 124 074 204 052 164
0000050	PANE E VINO	253 245 242 001 123 076 205 053 166
0000070	Bocce Cafe	253 231 250 174 063 242 004 132 036 123 074 204 053 164
0000073	Vince	253 231 250 191 192 242 008 123 124 078 205 053 170
0000074	La Ginestra	100 086 231 250 245 102 191 192 114 124 182 075 205 052 164
0000077	Bohemian Cigar Store	231 250 102 063 114 041 123 124 075 204 053 163
0000079	Ristorante Fabrizio	253 231 250 136 191 192 123 076 205 053 166
0000080	Etrusca	080 253 250 200 245 191 192 174 036 024 123 076 206 055 167
0000084	Little Italy	231 250 191 192 036 124 075 205 052 165
0000085	Baci Caffe	253 231 250 200 059 123 124 075 205 053 165
0000086	Carlo's Restaurant	253 231 250 191 192 063 123 078 205 053 170
0000104	Modella Ristorante	123 078 208 056 170
0000108	Il Fornaio	214 231 191 192 174 063 114 040 059 024 224 215 123 076 205 054 166
0000110	Ristorante Ecco	123 124 076 205 053 166
0000114	A. Sabella's	100 253 231 250 191 192 248 071 123 124 212 075 205 053 166
0000121	The Stinking Rose	253 099 231 250 191 192 242 059 123 124 074 205 052 165
0000122	Garibaldi's on Presidio	253 231 250 191 192 174 242 036 215 031 140 076 205 053 165
0000123	One Market	005 078 208 056 170
0000124	Flower Lounge	253 245 191 192 001 039 076 205 053 165
0000125	Emporio Armani Express	123 124 078 208 056 170
0000126	Modesto Lanzone	080 253 231 191 192 024 215 123 124 075 205 054 167
0000130	Mescolanza	231 036 123 075 205 052 164
0000137	Tommaso's	231 250 197 248 059 124 182 075 205 052 164
0000140	Ciao Ristorante	253 231 191 192 174 059 036 215 123 078 205 053 170
0000145	Buca Giovanni	200 191 192 123 076 205 053 167
0000159	Pietro's	250 136 200 245 123 075 205 054 165
0000161	Spuntino	253 231 250 102 114 036 224 156 041 123 124 182 075 204 052 164
0000162	Caffe Delle Stelle	242 123 078 205 053 170
0000166	Milano Joe's	253 231 123 124 075 205 052 165
0000167	La Traviata Restaurant	253 250 123 124 075 205 053 166
0000175	Bella Voce	080 099 231 200 193 102 191 192 040 024 123 075 205 054 166
0000178	Franco's	231 250 136 200 102 191 192 063 248 036 123 124 076 205 053 167
0000183	Ristorante Grifone	253 231 250 245 191 192 036 123 075 205 053 167
0000185	Ristorante Milano	231 250 191 192 001 123 076 205 053 166
0000188	Vivande Porta Via	080 250 191 192 114 059 036 124 076 205 053 165
0000191	New Joe's	253 231 250 174 156 229 123 124 075 205 052 165
0000193	North Beach Restaurant	253 231 250 189 191 192 174 123 075 205 052 166
0000194	Ristorante Lucca	231 250 200 191 192 248 123 212 075 205 052 165
0000209	Osteria	253 231 123 076 205 053 166
0000219	Basta Pasta	214 100 253 086 231 250 191 192 174 063 248 036 123 182 074 204 052 164
0000223	California Pizza Kitchen	026 253 231 250 242 059 031 123 124 182 075 204 052 164
0000226	Little Henry's	253 231 250 123 124 074 204 051 163
0000227	Hyde Street Bistro	253 231 250 200 063 097 059 036 015 123 076 206 053 166
0000228	Little Joe's	253 231 250 123 124 075 204 052 164
0000239	Adriana's	253 231 250 200 063 111 123 124 075 205 052 165
0000240	Vicolo Pizzeria	253 250 191 192 123 124 182 076 204 052 163
0000241	Trattoria Contadina	253 231 250 102 191 192 229 123 075 205 053 165
0000244	Olive's Gourmet Pizza	250 191 192 063 242 036 123 124 182 076 205 052 164
0000246	Castagnola's	100 253 231 250 191 192 063 021 156 123 124 212 074 205 052 166
0000249	Jackson Fillmore Trattoria	250 224 124 076 205 052 166
0000254	Umberto's	253 245 193 191 192 174 071 024 123 075 205 053 166
0000268	Marin Joe's	253 231 250 191 192 063 248 071 123 075 205 052 165
0000270	Caffe Roma	253 231 250 063 036 156 041 123 124 074 204 053 163
0000271	Original Joe's	253 231 250 191 192 174 010 059 036 156 008 123 124 075 205 052 164
0000284	Scoma's	100 253 099 250 191 192 174 063 123 124 212 075 205 053 166
0000286	Vanessi's Nob Hill	080 253 231 250 189 191 192 059 036 024 215 123 075 205 053 167
0000290	Tarantino's Restaurant	100 253 250 191 192 123 124 212 074 204 052 166
0000292	Dal Baffo	080 253 231 245 191 192 114 123 124 076 206 054 168
0000293	Kuleto's	099 200 191 192 114 040 248 024 215 123 075 205 054 166
0000300	Caffe Greco	231 250 156 041 123 124 075 205 053 163
0000301	Parma	253 245 123 075 205 052 165
0000303	Prego Ristorante	253 231 250 191 192 004 132 114 036 215 123 124 182 075 205 053 166
0000308	Zuni Cafe	080 253 099 250 200 189 102 063 004 132 114 248 024 156 215 092 123 076 205 053 167
0000312	U.S. Restaurant	231 191 192 036 156 008 123 074 205 051 163
0000314	ACQUERELLO	080 200 245 191 192 174 114 097 123 076 206 054 168
0000317	The Iron Horse	253 231 250 200 191 192 010 097 248 059 036 024 123 074 205 053 166
0000328	Gira Polli	123 124 078 208 056 170
0000330	La Pergola	253 231 250 114 036 123 075 205 053 166
0000334	Alfred's	080 250 200 191 192 174 010 123 124 225 076 206 053 167
0000336	Venticello	231 250 245 191 192 242 229 123 076 205 054 167
0000342	Palio d'Asti	253 231 191 192 174 242 114 059 036 024 123 075 205 054 167
0000344	Kuleto's Trattoria	123 078 208 056 170
0000345	Tre Fratelli	253 250 245 191 192 123 075 205 052 165
0000347	San Remo	123 124 074 205 053 165
0000348	Fior d'Italia	080 253 231 250 193 191 192 174 063 010 059 123 074 205 053 166
0000350	Alioto's Restaurant	100 253 099 250 200 191 192 063 010 024 124 212 074 204 052 165
0000351	Oritalia	253 231 250 197 123 124 128 076 205 053 166
0000359	Bizou	092 123 124 078 208 056 170
0000363	Milano Pizzeria	253 250 004 132 036 123 182 075 205 052 164
0000368	Bardelli's	253 231 191 192 123 075 205 053 165
0000369	Cafe Macaroni	253 231 250 063 242 059 036 229 124 076 205 052 165
0000375	Caffe Sport	253 086 231 102 197 114 215 123 124 075 203 052 166
0000380	Capellini	100 253 231 250 200 191 192 242 114 123 075 205 054 166
0000384	Cafe Justin	253 231 250 063 242 040 248 156 095 123 075 205 053 167
0000398	Cafe Riggio	253 231 250 191 192 123 124 075 205 052 165
0000404	Alessia	253 231 250 200 191 192 063 123 075 204 052 166
0000407	Moose's	253 250 102 191 192 242 071 215 123 124 140 078 205 053 170
0000409	Carrara's	123 075 204 053 163
0000411	Bonta	231 250 123 124 076 205 053 166
0000004	Notte Luna	253 086 250 184 102 174 063 125 182 075 205 053 166
0000017	Donatello	250 193 062 190 174 063 059 231 125 076 206 053 166
0000018	Cafe Petitto	250 252 149 004 224 125 182 075 205 052 164
0000019	Tragara	080 253 099 250 193 191 192 174 024 123 076 206 054 167
0000026	I Matti	253 250 252 245 102 191 192 174 114 036 224 125 123 182 076 205 053 166
0000027	Il Radicchio	100 254 086 250 252 242 125 182 076 205 053 164
0000031	Primi Piatti	253 099 250 189 191 192 174 063 059 231 123 076 205 054 166
0000039	Pines of Rome	254 250 198 252 125 078 208 056 170
0000048	Ciao baby Cucina	253 253 250 184 245 193 190 102 191 192 174 242 114 059 231 024 021 125 123 075 205 054 166
0000050	PESCE	254 253 250 252 149 242 114 059 231 005 092 123 076 205 052 166
0000078	Terrazza	253 099 250 245 191 192 024 123 076 206 054 167
0000080	OBELISK	080 099 150 196 193 084 087 123 076 206 054 168
0000081	Eye Street Cafe	149 125 140 076 205 053 164
0000090	Tuscana West	184 193 062 190 102 174 242 004 114 057 071 024 025 123 182 075 205 053 166
0000104	Pines of Italy	253 250 198 252 149 174 059 231 057 071 125 075 205 051 163
0000106	D'Angelo	100 086 250 150 198 252 193 190 191 192 174 063 242 059 231 057 071 224 125 075 205 053 165
0000116	COPPI'S RESTAURANT	253 250 114 036 125 182 076 206 054 163
0000117	Geranio	250 245 191 192 248 125 212 076 205 053 166
0000118	Renato	254 253 250 150 252 174 063 059 231 229 125 076 205 053 166
0000119	Tivoli	080 099 196 193 190 191 192 174 063 084 087 059 231 057 071 045 123 076 206 054 167
0000121	Mykonos	137 193 191 192 174 103 078 208 056 170
0000122	The Chicken Place	253 250 252 149 174 059 231 017 133 075 205 051 163
0000123	Cafe Saigon	253 250 063 246 075 205 052 164
0000124	Les Halles	250 252 193 102 191 192 174 063 242 059 231 024 224 092 225 078 208 056 170
0000125	Hunan Lion	252 191 192 174 229 039 060 075 205 053 165
0000126	Odeon Cafe	086 250 184 193 190 191 192 059 231 125 075 205 053 165
0000127	Paolo's	253 086 250 184 149 193 062 102 191 192 174 063 004 114 111 057 071 224 125 182 075 205 053 165
0000133	BeDuCi	193 174 248 025 125 140 076 206 054 166
0000134	Cafe Milano	253 250 184 252 149 062 102 191 192 174 063 004 114 123 182 075 204 053 166
0000136	La Tomate	250 252 191 192 174 063 059 231 057 071 125 078 208 056 170
0000142	The Pasta Place	253 250 150 184 252 191 192 174 079 063 059 231 057 071 125 182 075 205 053 165
0000147	Trattu	174 063 229 125 076 206 053 166
0000151	Luigino	253 250 193 190 174 059 231 036 123 076 205 054 166
0000169	Filomena Ristorante	250 184 193 190 102 059 231 021 224 125 075 205 053 166
0000172	Bertucci's	214 100 253 250 150 252 174 125 182 075 205 053 163
0000173	Tempo	253 250 136 252 174 063 059 231 024 224 025 125 212 222 076 206 053 166
0000180	Dante	011 253 250 150 245 196 191 192 174 063 010 024 025 125 075 205 053 166
0000183	GALILEO	080 253 099 250 245 193 189 102 191 192 174 063 114 084 087 059 231 036 024 229 123 077 206 054 168
0000190	Ecco Cafe	253 250 184 252 149 191 192 174 004 114 111 057 071 224 125 182 075 205 053 164
0000193	Volare	253 250 150 174 021 125 078 208 056 170
0000197	Faccia Luna Pizzeria	100 253 086 250 184 252 149 063 125 182 075 205 052 163
0000198	Donna Adele	253 250 191 192 174 063 059 231 036 123 075 205 053 167
0000200	That's Amore	100 253 250 149 191 192 174 063 059 231 125 075 205 053 165
0000211	The Tomato Palace	100 254 253 136 252 149 174 079 063 125 182 076 205 053 164
0000218	California Pizza Kitchen	026 254 253 250 150 252 149 174 125 182 078 208 056 170
0000231	Sesto Senso	250 184 191 192 174 242 114 059 231 057 071 123 075 205 053 166
0000235	Il Cigno	253 250 136 245 191 192 174 079 063 059 231 125 076 205 054 166
0000243	Cantina Romana	250 136 196 191 192 174 063 125 076 206 054 167
0000247	Nathans Restaurant	250 184 252 194 102 114 059 231 057 071 224 156 107 125 075 205 053 166
0000256	Tavola	253 250 149 125 076 205 053 166
0000283	Parioli	253 250 150 191 192 174 063 111 059 231 036 001 125 076 205 053 166
0000288	Tiberio	080 099 102 174 024 123 076 205 054 168
0000298	Buon Giorno	125 078 208 056 170
0000307	Madeo	250 193 062 190 191 192 174 059 231 224 025 005 007 125 125 075 205 054 166
0000311	Listrani's	254 250 150 252 149 193 174 111 036 125 182 075 205 052 164
0000315	Da Domenico	253 174 059 231 024 229 125 075 205 053 166
0000320	Il Pizzico	254 253 252 149 174 059 231 036 125 076 206 052 164
0000329	Vincenzo al Sole	080 099 150 196 191 192 174 063 111 024 123 212 076 206 054 168
0000331	Landini Brothers	253 250 252 189 191 192 174 229 125 076 205 053 166
0000333	Geppetto	100 253 086 250 252 149 174 063 036 008 125 182 075 205 052 164
0000336	I RICCHI	080 253 099 189 102 174 114 123 076 206 054 167
0000339	Pasta Plus	254 253 250 149 174 229 125 182 078 208 056 170
0000347	BICE	026 080 253 099 250 190 189 102 191 192 174 063 114 084 087 036 024 123 076 205 054 167
0000358	Veneziano	250 252 245 193 062 190 174 059 231 025 001 123 076 206 053 166
0000359	Otello	059 231 057 071 125 078 208 056 170
0000367	Sfuzzi	250 184 193 102 191 192 174 063 111 059 231 036 024 224 125 075 205 053 166
0000383	Generous George's	100 254 253 086 250 252 191 192 174 063 197 004 036 125 182 075 205 052 163
