0000001	Frijoleros	250 062 132 174 063 197 071 142 234 243 075 204 052 162
0000010	El Charro	100 253 250 191 192 174 001 142 234 075 204 051 162
0000027	Rio Bravo Cantina	100 253 086 250 191 192 174 063 215 138 142 234 075 205 053 163
0000032	La Paz	100 253 250 191 192 174 063 197 083 036 215 025 142 234 222 076 205 053 163
0000033	Tortilla's	253 250 174 063 197 142 234 076 204 052 162
0000070	Taco Mac	253 250 178 191 192 174 063 197 004 132 071 059 036 215 142 234 074 204 052 162
0000076	El Toro	100 253 250 178 174 036 138 142 234 074 204 051 162
0000081	San Jose	138 142 234 074 204 051 162
0000132	Sundown Cafe	253 174 025 025 007 142 234 222 076 205 053 164
0000142	Bugatti	250 191 192 174 040 123 075 205 053 166
0000231	Jalisco	100 086 001 142 234 075 205 051 163
0000245	Chile Tree	253 250 150 191 192 174 197 071 001 142 234 075 205 053 164
0000250	Nuevo Laredo Cantina	142 234 076 205 052 163
0000073	BORDER CAFE	100 253 086 250 250 149 114 111 215 030 142 234 222 075 204 052 163
0000102	MEXICAN CUISINE	231 250 250 149 197 001 142 234 076 204 051 164
0000127	LAS BRISAS	100 253 250 250 192 191 108 071 057 215 142 234 074 204 052 164
0000142	LA GROCERIA RISTORANTE ITALIANO	253 250 250 149 083 084 087 059 036 123 075 205 053 165
0000163	Cecil's	142 234 218 078 208 056 170
0000216	Cantares	191 197 108 071 057 142 234 218 074 204 052 164
0000233	CASA MEXICO	250 250 200 035 142 234 075 205 052 164
0000238	RUDY'S CAFE	253 231 250 250 149 197 215 046 142 234 075 204 052 163
0000260	GREEN STREET GRILL	231 149 197 071 036 025 034 142 234 076 205 052 165
0000273	Boca Grande	035 142 234 075 205 051 162
0000278	ACAPULCO	250 028 250 149 059 229 142 234 074 204 051 163
0000280	CASA ROMERO	250 200 248 142 234 075 205 053 165
0000293	Iguana Cantina	142 234 078 208 056 170
0000322	Zuma Tex-Mex Cafe	253 231 250 250 149 036 142 234 222 075 205 053 164
0000329	SOL AZTECA	100 231 250 200 191 142 234 076 205 053 165
0000341	Fajita Rita's	100 253 086 142 234 074 204 051 163
0000382	Chili's	100 253 086 250 250 149 111 142 234 222 074 204 052 163
0000409	Casa Elena	253 231 197 142 234 218 223 074 205 052 164
0000025	El Jardin	214 249 178 249 063 138 142 074 204 052 164
0000080	El Tipico	214 004 132 249 149 142 075 205 052 164
0000092	Los Magueyes	137 174 100 086 142 074 204 052 164
0000093	Uncle Julio's Hacienda	026 174 249 149 191 192 142 078 208 056 170
0000109	Mi Casa Su Casa	214 004 132 249 198 191 192 063 142 074 204 052 164
0000135	Las Fuentes	214 174 063 138 142 074 204 052 164
0000142	Oceanique	137 011 193 025 091 076 206 053 167
0000207	El Presidente	214 249 004 132 035 249 149 063 142 074 204 051 163
0000247	Tecalitan	214 249 004 132 142 075 204 052 163
0000265	J.P.'s Eating Place	214 174 249 191 192 212 142 075 205 052 165
0000301	La Margarita	026 249 142 075 205 053 164
0000317	TOPOLOBAMPO	026 245 191 192 142 077 206 054 167
0000324	Su Casa	026 174 057 071 024 138 142 078 208 056 170
0000341	Las Palmas	214 100 086 142 074 205 052 163
0000350	Chano Chano	137 249 249 001 142 075 205 052 163
0000400	FRONTERA GRILL	026 249 149 191 192 063 114 001 142 077 206 054 166
0000411	La Majada	137 249 057 071 001 142 074 205 053 164
0000420	LaLO	214 249 086 136 149 142 076 205 052 164
0000445	Campeche	214 004 132 249 142 074 204 051 163
0000467	Don Juan's	137 249 142 076 205 052 165
0000494	Lupita's	137 100 086 142 075 205 053 164
0000504	Fernando's	214 142 075 205 052 163
0000523	Lindo Mexico	137 249 004 132 100 086 249 001 142 075 204 053 164
0000529	Nuevo Leon	214 249 004 132 136 156 001 142 076 205 051 163
0000607	Ostioneria Playa Azul	214 004 132 212 142 075 204 052 164
0000613	Frida's	214 174 249 063 242 025 142 075 205 053 164
0000624	Abril	137 004 132 249 138 025 142 075 205 052 163
0000630	El Nuevo Mexicano	214 249 249 149 142 075 205 053 163
0000656	Blue Agave	026 249 249 184 142 078 208 056 170
0000013	Casablanca	100 252 249 248 251 155 071 142 234 075 205 053 164
0000029	Antonio's	252 249 248 251 192 071 001 229 138 142 234 075 205 052 164
0000045	La Paz	252 249 248 251 192 071 142 234 075 205 052 164
0000047	Marix Tex Mex Norte	100 252 178 249 248 251 192 071 215 138 142 234 075 204 052 164
0000051	La Parrilla	100 252 249 248 251 142 234 075 205 052 164
0000062	El Cholo	100 252 249 248 251 192 114 010 071 215 138 229 142 234 075 205 053 164
0000130	El Emperador Maya	011 249 142 234 078 208 056 170
0000142	Patrick's Roadhouse	178 086 249 248 251 102 197 155 156 009 074 204 052 163
0000145	Salud	100 252 086 249 136 248 251 142 234 076 204 052 163
0000154	Mi Ranchito	252 249 248 251 197 142 234 075 205 052 163
0000207	Camacho's Cantina	100 249 248 251 063 242 071 142 234 074 204 053 164
0000276	Marix Tex Mex Cafe	100 252 178 249 248 251 192 071 215 138 142 234 075 204 052 164
0000288	Lula	100 252 086 249 248 251 215 025 142 234 075 205 053 164
0000336	El Coyote	252 178 086 249 248 251 149 192 010 215 142 234 074 204 052 163
0000343	Border Grill	100 252 249 248 251 102 197 155 114 215 138 025 142 234 075 205 053 165
0000357	Marix Tex Mex Playa	100 252 178 249 248 251 192 071 215 138 142 234 075 204 052 164
0000400	Mexica	252 249 001 142 234 075 205 053 164
0000431	Poquito Mas	252 249 149 142 234 076 205 051 162
0000441	Rebecca's	249 102 197 155 215 138 142 234 075 205 053 166
0000044	TAQUERIA CORONA	086 157 158 197 242 046 142 076 204 051 163
0000063	EL PATIO	253 157 158 191 149 071 057 142 076 205 053 164
0000064	DOS GRINGOS	253 086 231 157 158 149 046 138 142 074 204 052 163
0000142	SAL & JUDY'S	157 158 125 077 205 052 165
0000153	CUCO'S	253 086 231 157 158 184 149 142 074 205 052 163
0000208	Los Toros	253 149 142 075 205 051 164
0000281	Bean Pot (CLOSED)	231 157 158 149 001 142 074 204 051 163
0000282	VERA CRUZ	231 157 158 184 149 142 075 204 052 163
0000299	TORTILLA FLATS	253 231 157 158 184 149 142 074 204 052 163
0000027	Yellow Rose Cafe	178 007 142 234 220 217 222 074 204 052 165
0000058	Violeta's Mexican Restaurant	142 234 078 208 056 170
0000063	Zona Rosa	178 191 192 138 142 234 074 204 052 165
0000077	El Parador Cafe	142 234 075 205 052 166
0000080	La Frontera	242 057 071 025 142 234 075 205 053 166
0000096	Mission Grill	242 025 031 142 234 075 205 052 165
0000120	Bright Food Shop	086 039 142 234 075 204 052 164
0000129	Gonzalez y Gonzalez	057 071 138 142 234 074 204 052 165
0000142	Va Bene	250 125 129 075 205 053 167
0000194	Lupe's East L.A. Kitchen	100 086 142 234 075 204 051 164
0000243	El Teddy's	184 191 192 004 132 025 138 142 234 075 204 053 166
0000263	Pedro Paramo	059 231 142 234 075 205 052 165
0000264	Santa Fe	138 142 234 075 205 053 167
0000376	Lorango	138 142 234 074 204 052 165
0000387	Rosa Mexicano	253 086 250 198 059 231 001 142 234 076 205 053 167
0000482	Benny's Burritos	086 250 063 004 132 111 059 231 023 230 142 234 075 204 051 163
0000495	Lucy's Retired Surfers	184 004 132 142 234 074 204 052 164
0000536	Cantina	086 178 142 234 074 204 051 165
0000577	Mary Ann's	086 250 142 234 075 204 052 164
0000613	Passports	004 132 057 071 229 142 234 074 205 053 165
0000647	Hamburger Harry's	100 086 083 106 142 234 078 208 056 170
0000738	California Burrito Co.	100 253 086 250 242 083 059 231 023 230 142 234 075 204 051 163
0000797	Tequila Sunrise(fka Tequila Willie's)	178 142 234 222 073 204 051 164
0000805	Juanita's	250 178 184 063 004 132 142 234 074 204 052 165
0000834	Cactus Cafe	242 142 234 074 204 052 164
0000851	ZARELA	100 250 184 191 192 059 231 057 071 025 142 234 076 205 053 167
0000988	Harry's Burritos	242 004 132 059 231 023 230 142 234 074 204 051 163
0001028	Life Cafe	242 004 132 142 234 243 078 208 056 170
0001045	Fresco Tortilla Grill	136 242 142 234 076 204 050 162
0001047	U.S.A. Border Cafe	184 194 242 142 234 222 075 205 052 165
0001069	Arriba Arriba	086 178 004 132 138 142 234 074 204 051 164
0001100	Cottonwood Cafe	086 184 194 224 142 234 220 217 222 078 208 056 170
0001112	Caliente Cab Co.	178 191 192 004 132 142 234 073 204 052 164
0001113	Tortilla Flats	100 086 178 184 004 132 059 231 142 234 222 074 204 052 164
0001115	Manhattan Chili Co.	100 086 063 004 132 142 234 222 075 204 052 164
0001120	Mi Cocina	250 059 231 142 234 076 205 052 166
0001132	Tacomadre	242 059 231 023 230 142 234 074 203 051 163
0001142	Bistro 36	092 075 205 052 166
0001153	Bertha's	086 250 023 230 142 234 075 204 052 163
0001165	Cowgirl Hall of Fame	100 178 191 192 063 229 142 234 222 074 204 053 165
0000100	El Tapatio	142 234 078 205 053 170
0000101	La Taqueria	250 063 229 142 234 076 204 051 162
0000116	Tortola Restaurant	100 253 231 250 059 142 234 222 075 205 053 164
0000127	Campo Santo	253 231 250 197 242 031 142 234 075 205 054 164
0000142	Brother's Delicatessen	058 075 204 051 163
0000212	Cacti	253 231 250 191 192 063 242 059 036 142 234 222 075 206 054 166
0000225	Taqueria Mission	250 136 063 142 234 076 204 052 162
0000260	Casa Aguila	250 156 142 234 076 205 052 164
0000262	La Roca	231 250 174 142 234 212 223 075 205 052 165
0000273	Mom Is Cooking	253 250 142 234 075 203 051 163
0000299	Cactus Cafe & Taqueria	100 253 231 250 025 031 142 234 075 204 052 163
0000320	Cafe Marimba	142 234 078 208 056 170
0000321	La Cumbre	242 142 234 078 205 053 170
0000325	Los Chiles	253 063 036 142 234 074 204 051 163
0000356	Corona Bar & Grill	253 231 250 194 102 191 192 114 059 224 215 138 142 234 075 205 053 165
0000361	Chevys	253 231 250 191 192 004 132 215 142 234 075 205 052 164
0000367	Guaymas	253 250 102 191 192 063 114 248 024 215 229 025 142 234 075 205 054 165
0000374	Alejandro's Sociedad	253 250 071 142 234 180 223 075 205 053 165
0000388	Roosevelt Tamale Parlor	253 231 197 156 142 234 075 204 051 163
0000391	Cadillac Bar & Restaurant	253 086 231 250 178 191 192 174 197 114 059 057 036 215 142 234 074 204 052 164
0000394	Leticia's	253 231 250 036 215 138 142 234 074 204 052 164
0000003	Tia Queta	253 250 252 191 192 063 142 209 075 205 053 165
0000053	Jaimalito's	253 086 250 184 252 102 191 192 174 063 059 231 229 142 209 222 074 204 053 164
0000060	Mixtec	254 250 252 149 191 192 001 001 142 209 075 204 051 163
0000132	Tortilla Factory	253 250 252 149 193 191 192 174 036 142 209 233 075 205 052 163
0000142	The Pasta Place	253 250 150 184 252 191 192 174 079 063 059 231 057 071 125 182 075 205 053 165
0000162	Enriqueta's	253 250 149 036 001 142 209 076 205 053 164
0000187	Coco Loco	250 149 245 189 102 174 063 197 242 114 083 036 024 021 020 133 142 209 232 078 208 056 170
0000232	Lauriol Plaza	250 184 252 102 174 063 197 224 133 142 209 223 075 205 053 165
0000244	Atlacatl	250 252 149 174 063 059 231 142 209 075 204 051 163
0000348	El Tamarindo	250 252 174 004 142 209 075 204 051 163
0000350	South Austin Grill	253 224 142 209 222 233 075 205 053 164
0000382	Austin GrilL	100 086 250 184 252 149 174 114 036 224 142 209 222 233 075 205 053 164
